34736 47289
34736 47291
34736 47293
34736 47306
34736 47310
34736 47313
34736 47314
34736 47315
34736 47316
34738 47333
34738 47334
34742 47357
34742 47360
34742 47363
34745 47376
34745 47377
34745 47378
34745 47379
34745 47380
34745 47381
34745 47382
34747 47391
34747 47393
34747 47394
34747 47395
34747 47396
34747 47397
34750 47440
34750 47443
34751 47451
34751 47454
34751 47455
34751 47457
34751 47458
34751 47459
34751 47461
34751 47462
34751 47463
34751 47464
34756 47474
34756 47476
34756 47478
34756 47480
34756 47481
34756 47482
34756 47485
34756 47489
34756 47491
34756 47492
34756 47494
34756 47495
34756 47497
34757 47501
34757 47502
34757 47503
34757 47505
34757 47506
34757 47507
34757 47509
34758 47513
34758 47514
34758 47516
34758 47517
34758 47519
34758 47521
34758 47522
34758 47524
34758 47525
34760 47538
34760 47540
34760 47547
34760 47548
34760 47549
34760 47552
34762 47557
34762 47568
34764 47634
34764 47635
34764 47636
34764 47637
34764 47638
34767 47650
34767 47657
34767 47658
34767 47659
34767 47661
34767 47662
34767 47664
34767 47666
34767 47667
34769 47714
34769 47715
34769 47716
34769 47719
34769 47720
34769 47721
34769 47722
34769 47723
34769 47724
34769 47725
34769 47726
34769 47727
34769 47729
34769 47730
34769 47732
34769 47733
34770 47783
34770 47831
34770 47834
34771 47889
34771 47890
34771 47892
34771 47893
34781 47940
34781 47944
34781 47946
34782 47966
34782 47972
34782 47973
34782 47975
34782 47976
34782 47977
34782 47978
34782 47979
34782 47982
34785 47998
34785 47999
34785 48001
34785 48002
34785 48008
34787 48073
34787 48076
34787 48079
34787 48082
34787 48084
34787 48085
34787 48086
34788 48088
34788 48089
34788 48097
34788 48099
34790 48166
34790 48172
34790 48176
34790 48177
34790 48179
34790 48181
34790 48185
34794 48230
34794 48233
34794 48234
34794 48236
34794 48237
34794 48238
34794 48239
34794 48240
34794 48244
34794 48245
34794 48246
34796 48253
34796 48255
34796 48256
34796 48257
34796 48258
34796 48259
34796 48260
34796 48261
34796 48262
34796 48263
34796 48265
34799 48284
34799 48290
34799 48291
34799 48293
34799 48294
34799 48295
34800 48307
34800 48310
34800 48312
34800 48313
34800 48318
34800 48320
34800 48323
34800 48324
34800 48325
34800 48326
34800 48327
34803 48336
34803 48337
34803 48342
34803 48343
34803 48346
34803 48347
34803 48348
34803 48349
34803 48352
34804 48356
34804 48358
34804 48359
34804 48366
34804 48367
34804 48368
34804 48369
34805 48398
34805 48409
34805 48410
34805 48412
34805 48416
34805 48417
34805 48418
34805 48421
34805 48423
34810 48455
34810 48456
34810 48461
34810 48462
34810 48463
34810 48469
34810 48471
34815 48510
34815 48511
34815 48512
34815 48513
34815 48514
34815 48516
34815 48518
34815 48519
34815 48520
34815 48521
34815 48522
34815 48524
34815 48527
34815 48529
34815 48530
34815 48531
34815 48532
34815 48533
34815 48536
34818 48635
34818 48636
34818 48638
34818 48639
34818 48640
34818 48645
34818 48656
34818 48657
34818 48658
34818 48660
34826 48701
34829 48706
34829 48720
34829 48721
34829 48722
34829 48725
34829 48726
34829 48727
34830 48730
34830 48731
34830 48732
34830 48734
34830 48735
34830 48736
34830 48742
34830 48743
34830 48745
34830 48746
34837 48801
34837 48803
34837 48805
34837 48806
34837 48807
34837 48810
34837 48812
34837 48813
34837 48814
34838 48824
34838 48826
34838 48828
34838 48829
34838 48830
34838 48832
34838 48836
34838 48838
34838 48839
34841 48859
34841 48863
34841 48864
34841 48865
34841 48867
34841 48868
34841 48869
34841 48870
34841 48872
34841 48873
34841 48874
34841 48875
34841 48876
34841 48877
34842 48883
34842 48884
34842 48885
34842 48888
34842 48891
34842 48892
34842 48893
34842 48894
34842 48895
34842 48897
34842 48899
34842 48900
34842 48901
34842 48902
34842 48903
34844 48935
34844 48938
34844 48940
34844 48943
34844 48946
34844 48947
34844 48949
34844 48951
34844 48952
34845 48971
34845 48976
34845 48982
34845 48983
34845 48984
34845 48985
34845 48986
34845 48987
34845 48988
34845 48989
34845 48990
34845 48991
34846 49019
34846 49026
34846 49027
34846 49029
34846 49030
34846 49031
34846 49034
34846 49035
34846 49042
34846 49043
34846 49044
34846 49045
34846 49050
34846 49053
34846 49054
34849 49057
34849 49061
34849 49062
34849 49063
34849 49064
34849 49065
34849 49066
34849 49067
34849 49068
34849 49069
34849 49070
34849 49071
34849 49072
34849 49073
34852 49098
34852 49099
34852 49100
34852 49110
34852 49111
34852 49113
34852 49114
34852 49116
34852 49117
34852 49118
34853 49121
34853 49125
34853 49126
34853 49127
34853 49128
34853 49132
34853 49133
34853 49134
34853 49135
34853 49136
34853 49137
34853 49138
34853 49139
34853 49140
34853 49141
34853 49142
34853 49143
34853 49144
34853 49155
34853 49157
34853 49158
34853 49159
34853 49165
34853 49168
34859 49217
34859 49218
34859 49219
34859 49224
34859 49226
34859 49227
34859 49228
34859 49229
34859 49230
34859 49232
34859 49233
34862 49240
34862 49241
34862 49244
34862 49245
34862 49246
34862 49247
34862 49248
34862 49249
34862 49250
34862 49251
34862 49253
34862 49254
34863 49262
34863 49263
34863 49264
34863 49265
34863 49266
34863 49267
34863 49268
34863 49270
34868 49307
34868 49308
34868 49309
34868 49310
34868 49311
34868 49312
34868 49313
34868 49314
34868 49316
34868 49317
34870 49324
34870 49325
34870 49326
34870 49327
34870 49329
34870 49330
34870 49331
34870 49332
34872 49337
34872 49339
34872 49340
34872 49341
34872 49342
34872 49345
34872 49346
34872 49347
34872 49348
34872 49349
34872 49351
34872 49352
34872 49353
34873 49356
34873 49358
34873 49359
34873 49360
34873 49361
34873 49362
34873 49363
34873 49365
34873 49366
34873 49367
34873 49368
34873 49369
34874 49373
34874 49374
34874 49376
34874 49377
34874 49378
34874 49379
34874 49380
34874 49381
34874 49382
34874 49383
34874 49384
34874 49385
34874 49386
34874 49389
34874 49390
34878 49432
34878 49433
34878 49434
34878 49435
34878 49437
34878 49438
34878 49439
34878 49440
34880 49445
34880 49446
34880 49447
34880 49448
34880 49449
34880 49451
34880 49452
34880 49453
34880 49454
34880 49455
34880 49456
34880 49457
34881 49464
34881 49466
34881 49467
34881 49468
34884 49652
34884 49653
34884 49655
34884 49656
34884 49657
34884 49658
34884 49659
34884 49660
34884 49661
34884 49662
34884 49664
34884 49665
34884 49666
34887 49737
34887 49742
34887 49743
34887 49749
34887 49751
34887 49752
34888 49756
34888 49758
34888 49760
34888 49761
34888 49762
34888 49763
34896 49959
34896 49960
34896 49961
34896 49962
34896 49964
34896 49965
34896 49966
34896 49967
34896 49968
34896 49969
34896 49970
34899 50034
34899 50036
34899 50045
34899 50046
34899 50047
34899 50048
34899 50067
34899 50068
34899 50070
34899 50073
34899 50074
34899 50075
34899 50076
34899 50077
34906 50343
34906 50376
34906 50377
34906 50380
34908 50463
34908 50464
34908 50465
34908 50466
34908 50467
34908 50468
34908 50470
34908 50471
34908 50483
34909 50491
34909 50492
34909 50493
34909 50496
34909 50497
34909 50500
34909 50501
34910 50517
34910 50520
34910 50522
34910 50526
34910 50527
34910 50528
34910 50529
34910 50530
34910 50531
34910 50535
34910 50536
34912 50545
34912 50546
34912 50548
34912 50549
34912 50550
34912 50551
34912 50552
34912 50553
34912 50554
34913 50558
34913 50560
34913 50561
34913 50562
34913 50563
34913 50564
34913 50565
34913 50569
34913 50570
34917 50596
34917 50597
34917 50598
34917 50599
34917 50600
34917 50601
34917 50602
34917 50603
34917 50604
34917 50605
34917 50606
34917 50607
34918 50613
34918 50614
34918 50615
34918 50616
34918 50617
34925 50650
34925 50653
34925 50654
34925 50655
34925 50656
34925 50658
34925 50660
34925 50661
34925 50662
34925 50663
34925 50664
34925 50665
34925 50666
34925 50667
34925 50668
34925 50669
34925 50670
34925 50671
34925 50672
34925 50673
34925 50674
34925 50675
34925 50676
34925 50677
34925 50679
34929 50853
34929 50854
34929 50857
34929 50862
34929 50863
34931 50874
34931 50875
34931 50876
34933 50885
34933 50886
34933 50887
34933 50889
34933 50897
34934 51006
34934 51015
34947 51093
34947 51106
34947 51107
34947 51109
34948 51152
34948 51154
34948 51159
34948 51160
34948 51161
34948 51162
34948 51163
34948 51165
34948 51167
34949 51171
34949 51172
34949 51175
34949 51176
34949 51177
34949 51178
34949 51179
34949 51180
34949 51181
34949 51182
34949 51183
34949 51187
34949 51188
34950 51200
34950 51201
34950 51202
34950 51206
34950 51208
34950 51209
34950 51210
34950 51211
34950 51212
34950 51214
34950 51215
34950 51217
34951 51220
34951 51221
34951 51222
34951 51225
34951 51226
34951 51228
34951 51229
34951 51230
34953 51234
34953 51236
34953 51237
34955 51274
34955 51276
34955 51279
34955 51281
34955 51282
34955 51283
34956 51298
34956 51300
34956 51301
34958 51334
34958 51337
34958 51338
34958 51339
34969 51374
34969 51395
34969 51396
34972 51487
34972 51489
34972 51490
34972 51491
34972 51492
34972 51493
34972 51494
34972 51495
34973 51502
34973 51504
34973 51509
34973 51510
34973 51511
34973 51512
34974 51516
34974 51518
34974 51519
34974 51520
34983 51562
34983 51563
34983 51564
34984 51570
34984 51571
34984 51572
34984 51573
34984 51574
34984 51575
34984 51576
34987 51605
34987 51606
34987 51607
34987 51614
34987 51615
34987 51616
34987 51618
34987 51619
34995 51709
34995 51710
34995 51711
34995 51712
34995 51713
34995 51714
34995 51715
34995 51718
34995 51719
34995 51721
34995 51725
34996 51736
34996 51738
34996 51741
34996 51742
34999 51777
34999 51778
35005 51824
35005 51825
35005 51826
35005 51827
35005 51830
35006 51837
35006 51839
35007 51865
35007 51874
35007 51878
35007 51881
35007 51886
35007 51900
35007 51902
35008 51905
35008 51906
35008 51907
35008 51908
35008 51909
35011 51988
35016 52030
35016 52032
35016 52034
35016 52035
35016 52036
35016 52037
35016 52038
35017 52043
35017 52045
35017 52046
35017 52047
35017 52048
35017 52049
35017 52050
35017 52052
35018 52060
35018 52062
35019 52067
35019 52068
35019 52069
35024 52097
35024 52099
35024 52101
35024 52102
35024 52104
35024 52107
35024 52108
35024 52109
35024 52110
35024 52111
35026 52145
35026 52146
35031 52265
35031 52266
35031 52268
35031 52269
35031 52271
35031 52272
35031 52276
35031 52278
35032 52286
35032 52287
35032 52288
35032 52289
35032 52291
35032 52292
35032 52294
35032 52295
35036 52304
35036 52308
35036 52309
35036 52314
35036 52317
35036 52318
35036 52319
35036 52323
35036 52324
35036 52325
35036 52326
35036 52327
35039 52343
35039 52344
35039 52345
35039 52346
35039 52347
35039 52348
35039 52349
35039 52357
35039 52359
35039 52360
35039 52361
35040 52365
35040 52366
35040 52367
35040 52368
35040 52369
35040 52370
35040 52371
35040 52372
35040 52378
35040 52380
35040 52381
35040 52382
35041 52391
35041 52392
35041 52393
35041 52394
35041 52395
35041 52396
35041 52397
35041 52401
35041 52402
35041 52403
35041 52405
35043 52444
35044 52462
35044 52463
35046 52466
35046 52467
35046 52468
35046 52469
35046 52470
35046 52471
35046 52472
35046 52474
35046 52475
35047 52481
35047 52482
35047 52484
35047 52485
35047 52486
35047 52491
35047 52492
35047 52493
35047 52494
35047 52495
35050 52508
35052 52518
35052 52519
35052 52521
35052 52522
35052 52538
35052 52539
35052 52540
35055 52575
35055 52576
35055 52579
35055 52580
35055 52581
35056 52585
35056 52586
35056 52592
35056 52593
35056 52594
35056 52595
35056 52596
35062 52610
35062 52611
35062 52613
35062 52614
35062 52616
35062 52617
35062 52618
35062 52619
35063 52623
35063 52624
35063 52625
35063 52626
35063 52627
35063 52628
35063 52629
35064 52637
35064 52638
35064 52639
35064 52640
35064 52641
35064 52642
35064 52643
35065 52649
35065 52650
35065 52651
35065 52652
35065 52656
35065 52658
35065 52659
35065 52660
35065 52661
35065 52662
35065 52664
35065 52665
35066 52677
35066 52679
35066 52680
35066 52682
35066 52685
35066 52690
35066 52691
35066 52692
35068 52702
35068 52703
35068 52704
35068 52705
35068 52706
35068 52707
35071 52717
35071 52718
35071 52720
35071 52721
35071 52724
35071 52726
35072 52747
35072 52749
35072 52751
35072 52752
35072 52753
35072 52754
35073 52760
35073 52761
35078 52777
35078 52778
35078 52779
35078 52780
35078 52781
35078 52782
35078 52783
35078 52784
35078 52785
35078 52786
35080 52844
35080 52845
35080 52846
35080 52847
35080 52848
35080 52849
35080 52850
35080 52851
35081 52857
35081 52858
35081 52859
35083 52873
35083 52874
35083 52876
35083 52878
35083 52879
35084 52887
35084 52888
35084 52889
35084 52890
35085 52897
35085 52902
35086 52910
35086 52911
35086 52912
35086 52917
35090 53046
35090 53047
35090 53048
35090 53049
35090 53050
35090 53052
35090 53053
35090 53054
35090 53055
35090 53056
35090 53057
35090 53058
35090 53059
35091 53062
35091 53064
35091 53065
35091 53066
35091 53067
35091 53068
35091 53069
35091 53070
35091 53071
35091 53073
35091 53074
35091 53076
35092 53079
35092 53080
35092 53081
35092 53082
35095 53165
35095 53166
35095 53167
35095 53168
35095 53169
35095 53170
35095 53171
35095 53172
35095 53173
35095 53174
35096 53194
35096 53195
35096 53197
35096 53198
35096 53199
35096 53200
35096 53201
35096 53202
35096 53203
35096 53204
35096 53205
35097 53210
35097 53211
35097 53212
35097 53213
35097 53216
35097 53217
35097 53218
35097 53219
35097 53220
35097 53221
35097 53223
35097 53224
35097 53225
35097 53226
35097 53227
35098 53236
35098 53237
35098 53239
35098 53240
35098 53241
35098 53242
35098 53243
35098 53244
35098 53246
35098 53247
35098 53248
35098 53249
35101 53282
35101 53284
35101 53289
35101 53293
35101 53296
35102 53312
35104 53332
35104 53333
35104 53334
35104 53335
35104 53336
35104 53337
35104 53338
35104 53339
35104 53340
35104 53341
35104 53342
35104 53343
35105 53346
35105 53347
35105 53348
35105 53349
35105 53350
35116 53364
35116 53365
35116 53366
35116 53367
35116 53368
35116 53369
35116 53370
35116 53373
35116 53374
35116 53375
35116 53376
35116 53377
35116 53378
35116 53379
35117 53383
35117 53385
35117 53386
35117 53387
35117 53388
35117 53389
35117 53390
35117 53391
35117 53392
35117 53393
35117 53394
35117 53397
35117 53398
35118 53403
35118 53404
35118 53405
35118 53406
35118 53407
35118 53408
35118 53409
35118 53411
35119 53423
35119 53424
35119 53425
35119 53426
35119 53427
35119 53428
35119 53429
35119 53435
35119 53436
35120 53452
35121 53468
35121 53469
35121 53470
35121 53471
35121 53472
35121 53473
35121 53474
35121 53475
35122 53482
35122 53483
35122 53488
35122 53489
35122 53490
35122 53491
35122 53492
35122 53493
35122 53494
35123 53505
35123 53510
35123 53511
35123 53512
35123 53513
35123 53514
35123 53515
35123 53516
35123 53517
35123 53518
35123 53519
35123 53520
35124 53530
35124 53531
35124 53532
35124 53533
35124 53534
35124 53536
35124 53537
35124 53538
35124 53539
35124 53540
35127 53547
35127 53550
35127 53551
35127 53552
35127 53553
35127 53554
35127 53555
35127 53556
35127 53557
35127 53558
35128 53571
35129 53578
35129 53579
35129 53580
35129 53581
35129 53582
35129 53583
35129 53585
35129 53586
35129 53587
35130 53590
35130 53592
35130 53593
35130 53594
35130 53595
35130 53596
35130 53600
35130 53601
35130 53603
35131 53616
35131 53617
35131 53618
35131 53619
35131 53620
35131 53622
35131 53623
35131 53624
35131 53625
35133 53630
35133 53631
35133 53632
35133 53634
35133 53636
35133 53637
35133 53638
35133 53639
35133 53640
35134 53646
35134 53647
35134 53648
35134 53649
35134 53650
35134 53651
35134 53652
35143 53667
35143 53668
35143 53669
35143 53670
35143 53671
35143 53672
35143 53673
35143 53674
35144 53680
35144 53681
35144 53685
35144 53686
35147 53705
35147 53706
35147 53707
35147 53708
35147 53709
35147 53710
35147 53711
35147 53712
35147 53713
35147 53714
35147 53716
35147 53717
35147 53719
35147 53720
35147 53722
35147 53723
35147 53724
35148 53735
35148 53736
35148 53737
35148 53738
35148 53739
35148 53740
35148 53741
35148 53742
35148 53743
35148 53744
35149 53752
35149 53753
35149 53754
35149 53755
35149 53756
35149 53757
35149 53758
35149 53759
35149 53761
35150 53768
35150 53769
35150 53770
35150 53771
35150 53772
35150 53773
35150 53774
35150 53775
35150 53776
35151 53780
35151 53781
35151 53782
35151 53783
35151 53784
35151 53785
35151 53786
35151 53787
35151 53788
35151 53789
35151 53790
35151 53791
35151 53793
35151 53794
35151 53795
35153 53827
35153 53828
35153 53829
35153 53830
35153 53831
35153 53832
35153 53833
35153 53834
35153 53835
35153 53836
35154 53852
35154 53853
35154 53854
35154 53855
35154 53856
35154 53857
35154 53860
35154 53861
35154 53862
35154 53864
