47289
47291
47293
47306
47310
47313
47314
47315
47316
47333
47334
47357
47360
47363
47376
47377
47378
47379
47380
47381
47382
47391
47393
47394
47395
47396
47397
47440
47443
47451
47454
47455
47457
47458
47459
47461
47462
47463
47464
47474
47476
47478
47480
47481
47482
47485
47489
47491
47492
47494
47495
47497
47501
47502
47503
47505
47506
47507
47509
47513
47514
47516
47517
47519
47521
47522
47524
47525
47538
47540
47547
47548
47549
47552
47557
47568
47634
47635
47636
47637
47638
47650
47657
47658
47659
47661
47662
47664
47666
47667
47714
47715
47716
47719
47720
47721
47722
47723
47724
47725
47726
47727
47729
47730
47732
47733
47783
47831
47834
47889
47890
47892
47893
47940
47944
47946
47966
47972
47973
47975
47976
47977
47978
47979
47982
47998
47999
48001
48002
48008
48073
48076
48079
48082
48084
48085
48086
48088
48089
48097
48099
48166
48172
48176
48177
48179
48181
48185
48230
48233
48234
48236
48237
48238
48239
48240
48244
48245
48246
48253
48255
48256
48257
48258
48259
48260
48261
48262
48263
48265
48284
48290
48291
48293
48294
48295
48307
48310
48312
48313
48318
48320
48323
48324
48325
48326
48327
48336
48337
48342
48343
48346
48347
48348
48349
48352
48356
48358
48359
48366
48367
48368
48369
48398
48409
48410
48412
48416
48417
48418
48421
48423
48455
48456
48461
48462
48463
48469
48471
48510
48511
48512
48513
48514
48516
48518
48519
48520
48521
48522
48524
48527
48529
48530
48531
48532
48533
48536
48635
48636
48638
48639
48640
48645
48656
48657
48658
48660
48701
48706
48720
48721
48722
48725
48726
48727
48730
48731
48732
48734
48735
48736
48742
48743
48745
48746
48801
48803
48805
48806
48807
48810
48812
48813
48814
48824
48826
48828
48829
48830
48832
48836
48838
48839
48859
48863
48864
48865
48867
48868
48869
48870
48872
48873
48874
48875
48876
48877
48883
48884
48885
48888
48891
48892
48893
48894
48895
48897
48899
48900
48901
48902
48903
48935
48938
48940
48943
48946
48947
48949
48951
48952
48971
48976
48982
48983
48984
48985
48986
48987
48988
48989
48990
48991
49019
49026
49027
49029
49030
49031
49057
49061
49062
49063
49064
49065
49066
49067
49068
49069
49070
49071
49072
49073
49098
49099
49100
49110
49111
49113
49114
49116
49117
49118
49121
49125
49126
49127
49128
49132
49133
49134
49135
49136
49137
49138
49139
49140
49141
49142
49143
49144
49155
49157
49158
49159
49165
49168
49217
49218
49219
49224
49226
49227
49228
49229
49230
49232
49233
49240
49241
49244
49245
49246
49247
49248
49249
49250
49251
49253
49254
49262
49263
49264
49265
49266
49267
49268
49270
49307
49308
49309
49310
49311
49312
49313
49314
49316
49317
49324
49325
49326
49327
49329
49330
49331
49332
49337
49339
49340
49341
49342
49345
49346
49347
49348
49349
49351
49352
49353
49356
49358
49359
49360
49361
49362
49363
49365
49366
49367
49368
49369
49373
49374
49376
49377
49378
49379
49380
49381
49382
49383
49384
49385
49386
49389
49390
49432
49433
49434
49435
49437
49438
49439
49440
49445
49446
49447
49448
49449
49451
49452
49453
49454
49455
49456
49457
49464
49466
49467
49468
49652
49653
49655
49656
49657
49658
49659
49660
49661
49662
49664
49665
49666
49737
49742
49743
49749
49751
49752
49756
49758
49760
49761
49762
49763
49959
49960
49961
49962
49964
49965
49966
49967
49968
49969
49970
50034
50036
50045
50046
50047
50048
50067
50068
50070
50073
50074
50075
50076
50077
50343
50376
50377
50380
50463
50464
50465
50466
50467
50468
50470
50471
50483
50491
50492
50493
50496
50497
50500
50501
50517
50520
50522
50526
50527
50528
50529
50530
50531
50535
50536
50545
50546
50548
50549
50550
50551
50552
50553
50554
50558
50560
50561
50562
50563
50564
50565
50569
50570
50596
50597
50598
50599
50600
50601
50602
50603
50604
50605
50606
50607
50613
50614
50615
50616
50617
50650
50653
50654
50655
50656
50658
50660
50661
50662
50663
50664
50665
50666
50667
50668
50669
50670
50671
50672
50673
50674
50675
50676
50677
50679
50853
50854
50857
50862
50863
50874
50875
50876
50885
50886
50887
50889
50897
51006
51015
51093
51152
51154
51159
51160
51161
51162
51163
51165
51167
51171
51172
51175
51176
51177
51178
51179
51180
51181
51182
51183
51187
51188
51200
51201
51202
51206
51208
51209
51210
51211
51212
51214
51215
51217
51220
51221
51222
51225
51226
51228
51229
51230
51234
51236
51237
