49034
49035
49042
49043
49044
49045
49050
49053
49054
51106
51107
51109
51274
51276
51279
51281
51282
51283
51298
51300
51301
51334
51337
51338
51339
51374
51395
51396
51487
51489
51490
51491
51492
51493
51494
51495
51502
51504
51509
51510
51511
51512
51516
51518
51519
51520
51562
51563
51564
51570
51571
51572
51573
51574
51575
51576
51605
51606
51607
51614
51615
51616
51618
51619
51709
51710
51711
51712
51713
51714
51715
51718
51719
51721
51725
51736
51738
51741
51742
51777
51778
51824
51825
51826
51827
51830
51837
51839
51865
51874
51878
51881
51886
51900
51902
51905
51906
51907
51908
51909
51988
52030
52032
52034
52035
52036
52037
52038
52043
52045
52046
52047
52048
52049
52050
52052
52060
52062
52067
52068
52069
52097
52099
52101
52102
52104
52107
52108
52109
52110
52111
52145
52146
52265
52266
52268
52269
52271
52272
52276
52278
52286
52287
52288
52289
52291
52292
52294
52295
52304
52308
52309
52314
52317
52318
52319
52323
52324
52325
52326
52327
52343
52344
52345
52346
52347
52348
52349
52357
52359
52360
52361
52365
52366
52367
52368
52369
52370
52371
52372
52378
52380
52381
52382
52391
52392
52393
52394
52395
52396
52397
52401
52402
52403
52405
52444
52462
52463
52466
52467
52468
52469
52470
52471
52472
52474
52475
52481
52482
52484
52485
52486
52491
52492
52493
52494
52495
52508
52518
52519
52521
52522
52538
52539
52540
52575
52576
52579
52580
52581
52585
52586
52592
52593
52594
52595
52596
52610
52611
52613
52614
52616
52617
52618
52619
52623
52624
52625
52626
52627
52628
52629
52637
52638
52639
52640
52641
52642
52643
52649
52650
52651
52652
52656
52658
52659
52660
52661
52662
52664
52665
52677
52679
52680
52682
52685
52690
52691
52692
52702
52703
52704
52705
52706
52707
52717
52718
52720
52721
52724
52726
52747
52749
52751
52752
52753
52754
52760
52761
52777
52778
52779
52780
52781
52782
52783
52784
52785
52786
52844
52845
52846
52847
52848
52849
52850
52851
52857
52858
52859
52873
52874
52876
52878
52879
52887
52888
52889
52890
52897
52902
52910
52911
52912
52917
53046
53047
53048
53049
53050
53052
53053
53054
53055
53056
53057
53058
53059
53062
53064
53065
53066
53067
53068
53069
53070
53071
53073
53074
53076
53079
53080
53081
53082
53165
53166
53167
53168
53169
53170
53171
53172
53173
53174
53194
53195
53197
53198
53199
53200
53201
53202
53203
53204
53205
53210
53211
53212
53213
53216
53217
53218
53219
53220
53221
53223
53224
53225
53226
53227
53236
53237
53239
53240
53241
53242
53243
53244
53246
53247
53248
53249
53282
53284
53289
53293
53296
53312
53332
53333
53334
53335
53336
53337
53338
53339
53340
53341
53342
53343
53346
53347
53348
53349
53350
53364
53365
53366
53367
53368
53369
53370
53373
53374
53375
53376
53377
53378
53379
53383
53385
53386
53387
53388
53389
53390
53391
53392
53393
53394
53397
53398
53403
53404
53405
53406
53407
53408
53409
53411
53423
53424
53425
53426
53427
53428
53429
53435
53436
53452
53468
53469
53470
53471
53472
53473
53474
53475
53482
53483
53488
53489
53490
53491
53492
53493
53494
53505
53510
53511
53512
53513
53514
53515
53516
53517
53518
53519
53520
53530
53531
53532
53533
53534
53536
53537
53538
53539
53540
53547
53550
53551
53552
53553
53554
53555
53556
53557
53558
53571
53578
53579
53580
53581
53582
53583
53585
53586
53587
53590
53592
53593
53594
53595
53596
53600
53601
53603
53616
53617
53618
53619
53620
53622
53623
53624
53625
53630
53631
53632
53634
53636
53637
53638
53639
53640
53646
53647
53648
53649
53650
53651
53652
53667
53668
53669
53670
53671
53672
53673
53674
53680
53681
53685
53686
53705
53706
53707
53708
53709
53710
53711
53712
53713
53714
53716
53717
53719
53720
53722
53723
53724
53735
53736
53737
53738
53739
53740
53741
53742
53743
53744
53752
53753
53754
53755
53756
53757
53758
53759
53761
53768
53769
53770
53771
53772
53773
53774
53775
53776
53780
53781
53782
53783
53784
53785
53786
53787
53788
53789
53790
53791
53793
53794
53795
53827
53828
53829
53830
53831
53832
53833
53834
53835
53836
53852
53853
53854
53855
53856
53857
53860
53861
53862
53864
